 101  24
  1  2  3  4  5  6  7  8  9 10 11 12 19 22 23 26 32 38 39 51 52 54 56 58
  8.76412E-07  1.50501E-06  2.00022E-06  2.39612E-06  2.71981E-06  2.96213E-06
  3.10233E-06  3.19354E-06  3.23600E-06  3.25984E-06  3.25674E-06  3.23192E-06
  3.19278E-06  3.13961E-06  3.10621E-06  3.08103E-06  3.06248E-06  3.04449E-06
  3.02076E-06  2.99804E-06  2.97428E-06  2.95177E-06  2.92496E-06  2.89162E-06
  2.85999E-06  2.82959E-06  2.80034E-06  2.77244E-06  2.73851E-06  2.68469E-06
  2.64104E-06  2.59698E-06  2.54465E-06  2.50556E-06  2.47313E-06  2.44664E-06
  2.42272E-06  2.40620E-06  2.39241E-06  2.38460E-06  2.38113E-06  2.38852E-06
  2.39912E-06  2.42721E-06  2.45495E-06  2.70084E-06  2.98281E-06  3.23659E-06
  3.46588E-06  3.75504E-06  4.74102E-06  5.95512E-06  7.39450E-06  9.06547E-06
  1.10679E-05  1.36925E-05  1.70225E-05  2.10715E-05  2.61623E-05  3.24548E-05
  4.00953E-05  5.10596E-05  6.61644E-05  8.53474E-05  1.10281E-04  1.42990E-04
  1.84621E-04  2.33046E-04  2.66455E-04  3.03996E-04  3.46062E-04  3.97584E-04
  4.57130E-04  5.24427E-04  5.97253E-04  6.71264E-04  7.53068E-04  8.43333E-04
  9.49218E-04  1.06906E-03  1.20187E-03  1.34822E-03  1.49596E-03  1.65734E-03
  1.83344E-03  2.02479E-03  2.23116E-03  2.45516E-03  2.69799E-03  2.93963E-03
  3.14551E-03  3.36269E-03  3.59151E-03  3.82814E-03  4.06118E-03  4.30508E-03
  4.56008E-03  4.82691E-03  5.10416E-03  5.39442E-03  5.69706E-03
  5.61751E-04  5.75707E-04  5.77399E-04  5.77399E-04  5.77399E-04  5.77399E-04
  5.77399E-04  5.77399E-04  5.77399E-04  5.77399E-04  5.77399E-04  5.77399E-04
  5.77399E-04  5.77399E-04  5.77399E-04  5.77399E-04  5.77399E-04  5.77399E-04
  5.77399E-04  5.77399E-04  5.77399E-04  5.77399E-04  5.77399E-04  5.77399E-04
  5.77399E-04  5.77399E-04  5.77399E-04  5.77399E-04  5.77399E-04  5.77399E-04
  5.77399E-04  5.77399E-04  5.77399E-04  5.77399E-04  5.77399E-04  5.77399E-04
  5.77399E-04  5.77399E-04  5.77399E-04  5.77399E-04  5.77399E-04  5.77399E-04
  5.77399E-04  5.77399E-04  5.77399E-04  5.77399E-04  5.77399E-04  5.77399E-04
  5.77399E-04  5.77399E-04  5.77399E-04  5.77399E-04  5.77399E-04  5.77399E-04
  5.77399E-04  5.77399E-04  5.77399E-04  5.77399E-04  5.77399E-04  5.77399E-04
  5.77399E-04  5.77399E-04  5.77399E-04  5.77399E-04  5.77399E-04  5.77399E-04
  5.77399E-04  5.77399E-04  5.77399E-04  5.77399E-04  5.77399E-04  5.77399E-04
  5.77399E-04  5.77399E-04  5.77399E-04  5.77399E-04  5.77399E-04  5.77399E-04
  5.77399E-04  5.77399E-04  5.77399E-04  5.77399E-04  5.77399E-04  5.77399E-04
  5.77399E-04  5.77399E-04  5.77399E-04  5.77399E-04  5.77399E-04  5.77399E-04
  5.77399E-04  5.77399E-04  5.77399E-04  5.77399E-04  5.77399E-04  5.77399E-04
  5.77399E-04  5.77399E-04  5.77399E-04  5.77399E-04  5.77399E-04
  7.73967E-07  4.52423E-07  4.62593E-07  7.76454E-07  1.34520E-06  1.85616E-06
  2.55704E-06  3.47001E-06  4.66792E-06  6.15018E-06  7.79469E-06  9.27145E-06
  1.04991E-05  1.17392E-05  1.24308E-05  1.28847E-05  1.29579E-05  1.29332E-05
  1.25389E-05  1.21495E-05  1.16173E-05  1.11309E-05  1.06673E-05  1.02164E-05
  9.80166E-06  9.41474E-06  9.05333E-06  8.71804E-06  8.33321E-06  7.77092E-06
  7.25076E-06  6.74283E-06  6.20453E-06  5.60586E-06  5.03084E-06  4.59455E-06
  4.17696E-06  3.67906E-06  3.24856E-06  2.87096E-06  2.53058E-06  2.20375E-06
  1.92284E-06  1.66999E-06  1.45525E-06  1.28288E-06  1.13494E-06  1.01483E-06
  9.15058E-07  8.26761E-07  7.45477E-07  6.73725E-07  6.15269E-07  5.68785E-07
  5.26658E-07  4.72420E-07  4.17255E-07  3.69439E-07  3.17956E-07  2.70756E-07
  2.31271E-07  2.02806E-07  1.80957E-07  1.61786E-07  1.43368E-07  1.25533E-07
  1.10154E-07  9.80322E-08  9.30011E-08  8.83033E-08  8.39154E-08  7.93089E-08
  7.48965E-08  7.07940E-08  6.76102E-08  6.59554E-08  6.43660E-08  6.28387E-08
  6.11032E-08  5.93479E-08  5.76686E-08  5.61148E-08  5.58064E-08  5.55042E-08
  5.52079E-08  5.49021E-08  5.45522E-08  5.42096E-08  5.38739E-08  5.32432E-08
  5.19376E-08  5.06812E-08  4.94721E-08  4.83069E-08  4.71829E-08  4.60992E-08
  4.50544E-08  4.40452E-08  4.30760E-08  4.21373E-08  4.12308E-08
  8.93293E-10  1.20819E-09  1.57757E-09  2.01370E-09  2.53884E-09  3.18106E-09
  4.05582E-09  5.18081E-09  6.65839E-09  1.11845E-08  1.91131E-08  2.98066E-08
  4.46333E-08  6.26045E-08  8.06155E-08  9.97860E-08  1.20632E-07  1.43138E-07
  1.60693E-07  1.78679E-07  1.92429E-07  2.06541E-07  2.18809E-07  2.27907E-07
  2.36991E-07  2.45423E-07  2.53236E-07  2.61004E-07  2.69894E-07  2.82434E-07
  2.92299E-07  3.01141E-07  3.09090E-07  3.20252E-07  3.33061E-07  3.47399E-07
  3.61643E-07  3.74574E-07  3.87002E-07  3.97918E-07  4.08067E-07  4.16127E-07
  4.23899E-07  4.30339E-07  4.36721E-07  4.41214E-07  4.45514E-07  4.49281E-07
  4.52640E-07  4.55915E-07  4.58773E-07  4.61585E-07  4.64287E-07  4.66863E-07
  4.69400E-07  4.71809E-07  4.74133E-07  4.76422E-07  4.78471E-07  4.80402E-07
  4.82303E-07  4.83515E-07  4.84286E-07  4.85045E-07  4.85574E-07  4.85809E-07
  4.86040E-07  4.86231E-07  4.86231E-07  4.86231E-07  4.86231E-07  4.86231E-07
  4.86231E-07  4.86231E-07  4.86231E-07  4.86231E-07  4.86231E-07  4.86231E-07
  4.86231E-07  4.86231E-07  4.86231E-07  4.86231E-07  4.86231E-07  4.86231E-07
  4.86231E-07  4.86231E-07  4.86231E-07  4.86231E-07  4.86231E-07  4.86231E-07
  4.86231E-07  4.86231E-07  4.86231E-07  4.86231E-07  4.86231E-07  4.86231E-07
  4.86231E-07  4.86231E-07  4.86231E-07  4.86231E-07  4.86231E-07
  2.82579E-06  9.31098E-07  3.95417E-07  2.27825E-07  1.50317E-07  1.01955E-07
  7.46086E-08  5.79636E-08  4.74322E-08  3.87741E-08  3.33120E-08  2.97354E-08
  2.68692E-08  2.47014E-08  2.30105E-08  2.15915E-08  2.03763E-08  1.93201E-08
  1.85285E-08  1.78240E-08  1.72990E-08  1.68122E-08  1.63737E-08  1.59843E-08
  1.56193E-08  1.52865E-08  1.49818E-08  1.46937E-08  1.43169E-08  1.36614E-08
  1.30504E-08  1.25061E-08  1.20540E-08  1.19146E-08  1.19146E-08  1.24312E-08
  1.30604E-08  1.41542E-08  1.54957E-08  1.74652E-08  1.96171E-08  2.19490E-08
  2.44429E-08  2.68812E-08  2.94962E-08  3.28169E-08  3.64629E-08  4.03509E-08
  4.44960E-08  4.89501E-08  5.36510E-08  5.86841E-08  6.37141E-08  6.85841E-08
  7.37154E-08  7.79434E-08  8.16726E-08  8.55011E-08  8.88220E-08  9.19334E-08
  9.50912E-08  9.81255E-08  1.01086E-07  1.04080E-07  1.06948E-07  1.09623E-07
  1.12320E-07  1.14885E-07  1.16664E-07  1.18441E-07  1.20215E-07  1.21501E-07
  1.22647E-07  1.23785E-07  1.24692E-07  1.25102E-07  1.25507E-07  1.25907E-07
  1.26189E-07  1.26427E-07  1.26661E-07  1.26924E-07  1.27872E-07  1.28814E-07
  1.29749E-07  1.30750E-07  1.31987E-07  1.33217E-07  1.34441E-07  1.35662E-07
  1.36882E-07  1.38096E-07  1.39303E-07  1.40497E-07  1.41657E-07  1.42812E-07
  1.43961E-07  1.45105E-07  1.46238E-07  1.47368E-07  1.48492E-07
  8.30842E-08  8.30842E-08  8.30842E-08  8.30842E-08  8.30842E-08  8.33756E-08
  8.87082E-08  9.77359E-08  1.11478E-07  1.39111E-07  1.78409E-07  2.20417E-07
  2.62443E-07  3.00979E-07  3.33522E-07  3.63749E-07  3.90276E-07  4.16222E-07
  4.39378E-07  4.61849E-07  4.78999E-07  4.95967E-07  5.11812E-07  5.26061E-07
  5.40105E-07  5.52877E-07  5.64476E-07  5.75889E-07  5.90310E-07  6.14509E-07
  6.40574E-07  6.67557E-07  6.95493E-07  7.22791E-07  7.49870E-07  7.71279E-07
  7.91665E-07  8.08024E-07  8.22948E-07  8.34313E-07  8.44802E-07  8.53219E-07
  8.61364E-07  8.68628E-07  8.75780E-07  8.81357E-07  8.86732E-07  8.91718E-07
  8.96395E-07  9.00951E-07  9.04996E-07  9.08970E-07  9.12678E-07  9.16077E-07
  9.19419E-07  9.22190E-07  9.24639E-07  9.27046E-07  9.29045E-07  9.30850E-07
  9.32625E-07  9.34178E-07  9.35584E-07  9.36966E-07  9.38042E-07  9.38727E-07
  9.39401E-07  9.40013E-07  9.40346E-07  9.40675E-07  9.40998E-07  9.41195E-07
  9.41355E-07  9.41513E-07  9.41621E-07  9.41621E-07  9.41621E-07  9.41621E-07
  9.41621E-07  9.41621E-07  9.41621E-07  9.41621E-07  9.41621E-07  9.41621E-07
  9.41621E-07  9.41621E-07  9.41621E-07  9.41621E-07  9.41621E-07  9.41621E-07
  9.41621E-07  9.41621E-07  9.41621E-07  9.41621E-07  9.41621E-07  9.41621E-07
  9.41621E-07  9.41621E-07  9.41621E-07  9.41621E-07  9.41621E-07
  2.21846E-01  2.30900E-01  2.30900E-01  2.30900E-01  2.30900E-01  2.30900E-01
  2.30900E-01  2.30900E-01  2.30900E-01  2.30900E-01  2.30900E-01  2.30900E-01
  2.30900E-01  2.30900E-01  2.30900E-01  2.30900E-01  2.30900E-01  2.30900E-01
  2.30900E-01  2.30900E-01  2.30900E-01  2.30900E-01  2.30900E-01  2.30900E-01
  2.30900E-01  2.30900E-01  2.30900E-01  2.30900E-01  2.30900E-01  2.30900E-01
  2.30900E-01  2.30900E-01  2.30900E-01  2.30900E-01  2.30900E-01  2.30900E-01
  2.30900E-01  2.30900E-01  2.30900E-01  2.30900E-01  2.30900E-01  2.30900E-01
  2.30900E-01  2.30900E-01  2.30900E-01  2.30900E-01  2.30900E-01  2.30900E-01
  2.30900E-01  2.30900E-01  2.30900E-01  2.30900E-01  2.30900E-01  2.30900E-01
  2.30900E-01  2.30900E-01  2.30900E-01  2.30900E-01  2.30900E-01  2.30900E-01
  2.30900E-01  2.30900E-01  2.30900E-01  2.30900E-01  2.30900E-01  2.30900E-01
  2.30900E-01  2.30900E-01  2.30900E-01  2.30900E-01  2.30900E-01  2.30900E-01
  2.30900E-01  2.30900E-01  2.30900E-01  2.30900E-01  2.30900E-01  2.30900E-01
  2.30900E-01  2.30900E-01  2.30900E-01  2.30900E-01  2.30900E-01  2.30900E-01
  2.30900E-01  2.30900E-01  2.30900E-01  2.30900E-01  2.30900E-01  2.30900E-01
  2.30900E-01  2.30900E-01  2.30900E-01  2.30900E-01  2.30900E-01  2.30900E-01
  2.30900E-01  2.30900E-01  2.30900E-01  2.30900E-01  2.30900E-01
  6.38832E-08  2.13359E-08  1.36096E-08  1.12440E-08  1.06036E-08  1.04647E-08
  1.04647E-08  1.05220E-08  1.06352E-08  1.11334E-08  1.17946E-08  1.22014E-08
  1.22311E-08  1.17346E-08  1.07708E-08  9.76233E-09  8.40836E-09  7.17192E-09
  5.69338E-09  4.55753E-09  3.60838E-09  2.88726E-09  2.30768E-09  1.83226E-09
  1.46844E-09  1.19339E-09  9.82135E-10  8.13944E-10  6.59759E-10  4.93918E-10
  4.14197E-10  3.62449E-10  3.28210E-10  3.05134E-10  2.87413E-10  2.74253E-10
  2.63096E-10  2.57015E-10  2.52220E-10  2.50136E-10  2.50281E-10  2.56164E-10
  2.62280E-10  2.69712E-10  2.77171E-10  2.83820E-10  2.90407E-10  2.96093E-10
  3.01083E-10  3.05779E-10  3.07371E-10  3.08936E-10  3.09966E-10  3.10340E-10
  3.10708E-10  3.10834E-10  3.10834E-10  3.10834E-10  3.10834E-10  3.10834E-10
  3.10834E-10  3.10834E-10  3.10834E-10  3.10834E-10  3.10834E-10  3.10834E-10
  3.10834E-10  3.10834E-10  3.10834E-10  3.10834E-10  3.10834E-10  3.10834E-10
  3.10834E-10  3.10834E-10  3.10834E-10  3.10834E-10  3.10834E-10  3.10834E-10
  3.10834E-10  3.10834E-10  3.10834E-10  3.10834E-10  3.10834E-10  3.10834E-10
  3.10834E-10  3.10834E-10  3.10834E-10  3.10834E-10  3.10834E-10  3.10834E-10
  3.10834E-10  3.10834E-10  3.10834E-10  3.10834E-10  3.10834E-10  3.10834E-10
  3.10834E-10  3.10834E-10  3.10834E-10  3.10834E-10  3.10834E-10
  1.38154E-11  4.34653E-11  8.08404E-11  1.04374E-10  1.13308E-10  1.13422E-10
  1.05240E-10  9.45871E-11  8.23429E-11  6.69935E-11  5.25291E-11  4.23540E-11
  3.55707E-11  3.11682E-11  2.86703E-11  2.69128E-11  2.61772E-11  2.57298E-11
  2.62867E-11  2.68927E-11  2.79559E-11  2.90101E-11  3.02485E-11  3.17813E-11
  3.33250E-11  3.48033E-11  3.62177E-11  3.76358E-11  3.92651E-11  4.15667E-11
  4.39945E-11  4.65866E-11  4.94775E-11  5.37511E-11  5.89235E-11  6.51143E-11
  7.20471E-11  8.09080E-11  9.01487E-11  9.89538E-11  1.07364E-10  1.13482E-10
  1.19365E-10  1.23128E-10  1.26916E-10  1.27173E-10  1.27173E-10  1.26598E-10
  1.25618E-10  1.24707E-10  1.24279E-10  1.23863E-10  1.23671E-10  1.23750E-10
  1.23829E-10  1.24791E-10  1.26216E-10  1.27629E-10  1.29506E-10  1.31587E-10
  1.33661E-10  1.36488E-10  1.39820E-10  1.43172E-10  1.46950E-10  1.51306E-10
  1.55718E-10  1.60556E-10  1.67514E-10  1.74653E-10  1.81971E-10  1.90347E-10
  1.99211E-10  2.08336E-10  2.18548E-10  2.30973E-10  2.43893E-10  2.57318E-10
  2.72527E-10  2.88864E-10  3.05909E-10  3.23887E-10  3.47558E-10  3.72568E-10
  3.98983E-10  4.25798E-10  4.50357E-10  4.75950E-10  5.02605E-10  5.27857E-10
  5.47932E-10  5.68480E-10  5.89496E-10  6.09108E-10  6.22657E-10  6.36323E-10
  6.50101E-10  6.64010E-10  6.77959E-10  6.92062E-10  7.06269E-10
  3.07071E-10  3.31399E-10  3.56688E-10  3.84942E-10  4.17891E-10  4.55624E-10
  5.10062E-10  5.80134E-10  6.71306E-10  9.14914E-10  1.43302E-09  2.32890E-09
  3.74166E-09  5.71261E-09  7.67037E-09  9.73543E-09  1.07615E-08  1.15568E-08
  1.15003E-08  1.13673E-08  1.07075E-08  1.01133E-08  9.43627E-09  8.64221E-09
  7.94320E-09  7.32306E-09  6.77081E-09  6.27783E-09  5.73640E-09  4.99197E-09
  4.43670E-09  3.96925E-09  3.55327E-09  3.15857E-09  2.80375E-09  2.45596E-09
  2.15147E-09  1.86346E-09  1.60948E-09  1.37181E-09  1.16214E-09  9.62528E-10
  7.95592E-10  6.37878E-10  5.14115E-10  3.94458E-10  3.03335E-10  2.23707E-10
  1.60387E-10  1.16956E-10  9.57307E-11  7.87054E-11  6.68355E-11  5.89860E-11
  5.21914E-11  4.80038E-11  4.50860E-11  4.23980E-11  4.07094E-11  3.94535E-11
  3.82593E-11  3.76183E-11  3.73147E-11  3.70188E-11  3.68107E-11  3.67123E-11
  3.66157E-11  3.65360E-11  3.65360E-11  3.65360E-11  3.65360E-11  3.65360E-11
  3.65360E-11  3.65360E-11  3.65360E-11  3.65360E-11  3.65360E-11  3.65360E-11
  3.65360E-11  3.65360E-11  3.65360E-11  3.65360E-11  3.65360E-11  3.65360E-11
  3.65360E-11  3.65360E-11  3.65360E-11  3.65360E-11  3.65360E-11  3.65360E-11
  3.65360E-11  3.65360E-11  3.65360E-11  3.65360E-11  3.65360E-11  3.65360E-11
  3.65360E-11  3.65360E-11  3.65360E-11  3.65360E-11  3.65360E-11
  1.10203E-18  1.26758E-18  1.43876E-18  1.63924E-18  1.88268E-18  2.17352E-18
  2.59276E-18  3.15076E-18  3.90988E-18  6.17108E-18  1.21183E-17  2.64179E-17
  6.02267E-17  1.38226E-16  2.76850E-16  5.15190E-16  7.75420E-16  1.12272E-15
  1.60482E-15  2.22098E-15  2.73250E-15  3.33044E-15  3.95310E-15  4.53918E-15
  5.18304E-15  5.76823E-15  6.27865E-15  6.81347E-15  7.43398E-15  8.29164E-15
  8.92788E-15  9.48208E-15  9.95795E-15  1.05730E-14  1.12718E-14  1.27899E-14
  1.48639E-14  1.93677E-14  2.51416E-14  3.26942E-14  4.20705E-14  5.32726E-14
  6.78350E-14  9.11735E-14  1.21686E-13  1.67730E-13  2.30120E-13  3.25392E-13
  4.69216E-13  6.73534E-13  1.00330E-12  1.48141E-12  2.05603E-12  2.65085E-12
  3.40007E-12  4.19125E-12  5.05110E-12  6.06493E-12  7.39475E-12  9.05753E-12
  1.10513E-11  1.34742E-11  1.63993E-11  1.98905E-11  2.38479E-11  2.81957E-11
  3.32459E-11  3.88872E-11  4.41576E-11  5.00394E-11  5.65864E-11  6.35748E-11
  7.12006E-11  7.95975E-11  8.84601E-11  9.72646E-11  1.06787E-10  1.17071E-10
  1.28657E-10  1.41378E-10  1.55134E-10  1.69875E-10  1.82965E-10  1.96846E-10
  2.11560E-10  2.26127E-10  2.37982E-10  2.50275E-10  2.63015E-10  2.73809E-10
  2.79123E-10  2.84465E-10  2.89833E-10  2.93986E-10  2.93986E-10  2.93986E-10
  2.93986E-10  2.93986E-10  2.93986E-10  2.93986E-10  2.93986E-10
  6.37813E-11  6.67079E-11  6.98298E-11  7.36171E-11  7.83388E-11  8.39913E-11
  9.24450E-11  1.02945E-10  1.16129E-10  1.49066E-10  2.15322E-10  3.48485E-10
  6.05402E-10  1.01023E-09  1.48136E-09  2.04618E-09  2.77490E-09  3.68064E-09
  4.64112E-09  5.73440E-09  6.59349E-09  7.53352E-09  8.44498E-09  9.24162E-09
  1.00765E-08  1.07578E-08  1.12789E-08  1.18051E-08  1.22903E-08  1.26372E-08
  1.25878E-08  1.23751E-08  1.19954E-08  1.14070E-08  1.07617E-08  9.83051E-09
  8.89403E-09  7.66137E-09  6.50922E-09  5.30643E-09  4.30911E-09  3.43413E-09
  2.73236E-09  2.10447E-09  1.63093E-09  1.31741E-09  1.07219E-09  9.15240E-10
  8.09347E-10  7.20294E-10  6.69992E-10  6.24201E-10  5.87360E-10  5.59254E-10
  5.33026E-10  5.03840E-10  4.74457E-10  4.47318E-10  4.24611E-10  4.04442E-10
  3.85588E-10  3.69114E-10  3.54351E-10  3.40423E-10  3.28562E-10  3.18956E-10
  3.09780E-10  3.00954E-10  2.92179E-10  2.83796E-10  2.75788E-10  2.66199E-10
  2.56589E-10  2.47470E-10  2.38682E-10  2.30062E-10  2.21881E-10  2.14112E-10
  2.08067E-10  2.02755E-10  1.97656E-10  1.92710E-10  1.86889E-10  1.81326E-10
  1.76004E-10  1.70701E-10  1.64960E-10  1.59491E-10  1.54276E-10  1.49060E-10
  1.43545E-10  1.38305E-10  1.33326E-10  1.28382E-10  1.23025E-10  1.17958E-10
  1.13163E-10  1.08615E-10  1.04328E-10  1.00248E-10  9.63780E-11
  3.99091E-13  4.07694E-13  4.16954E-13  4.26509E-13  4.36823E-13  4.48940E-13
  4.65009E-13  4.83592E-13  5.05176E-13  5.55425E-13  6.40585E-13  7.66476E-13
  9.55639E-13  1.28517E-12  1.98847E-12  3.18283E-12  5.57442E-12  9.59200E-12
  1.61952E-11  2.61970E-11  3.68010E-11  5.09078E-11  6.92235E-11  9.25381E-11
  1.22259E-10  1.50643E-10  1.74809E-10  2.01772E-10  2.33530E-10  2.75355E-10
  3.12896E-10  3.48661E-10  3.79630E-10  4.10934E-10  4.43104E-10  4.73830E-10
  5.06088E-10  5.41725E-10  5.78135E-10  6.14091E-10  6.51139E-10  6.89054E-10
  7.27628E-10  7.64467E-10  8.02232E-10  8.35611E-10  8.69157E-10  8.99727E-10
  9.27963E-10  9.55537E-10  9.72907E-10  9.90197E-10  1.00512E-09  1.01706E-09
  1.02890E-09  1.03810E-09  1.04585E-09  1.05350E-09  1.06008E-09  1.06616E-09
  1.07216E-09  1.07732E-09  1.08191E-09  1.08645E-09  1.09096E-09  1.09543E-09
  1.09986E-09  1.10433E-09  1.10930E-09  1.11422E-09  1.11908E-09  1.12393E-09
  1.12874E-09  1.13349E-09  1.13801E-09  1.14212E-09  1.14617E-09  1.15018E-09
  1.15417E-09  1.15814E-09  1.16205E-09  1.16595E-09  1.17037E-09  1.17474E-09
  1.17906E-09  1.18360E-09  1.18894E-09  1.19422E-09  1.19945E-09  1.20464E-09
  1.20980E-09  1.21491E-09  1.21997E-09  1.22499E-09  1.23000E-09  1.23496E-09
  1.23988E-09  1.24475E-09  1.24956E-09  1.25434E-09  1.25907E-09
  7.55384E-01  7.55384E-01  7.55384E-01  7.55384E-01  7.55384E-01  7.55384E-01
  7.55384E-01  7.55384E-01  7.55384E-01  7.55384E-01  7.55384E-01  7.55384E-01
  7.55384E-01  7.55384E-01  7.55384E-01  7.55384E-01  7.55384E-01  7.55384E-01
  7.55384E-01  7.55384E-01  7.55384E-01  7.55384E-01  7.55384E-01  7.55384E-01
  7.55384E-01  7.55384E-01  7.55384E-01  7.55384E-01  7.55384E-01  7.55384E-01
  7.55384E-01  7.55384E-01  7.55384E-01  7.55384E-01  7.55384E-01  7.55384E-01
  7.55384E-01  7.55384E-01  7.55384E-01  7.55384E-01  7.55384E-01  7.55384E-01
  7.55384E-01  7.55384E-01  7.55384E-01  7.55384E-01  7.55384E-01  7.55384E-01
  7.55384E-01  7.55384E-01  7.55384E-01  7.55384E-01  7.55384E-01  7.55384E-01
  7.55384E-01  7.55384E-01  7.55384E-01  7.55384E-01  7.55384E-01  7.55384E-01
  7.55384E-01  7.55384E-01  7.55384E-01  7.55384E-01  7.55384E-01  7.55384E-01
  7.55384E-01  7.55384E-01  7.55384E-01  7.55384E-01  7.55384E-01  7.55384E-01
  7.55384E-01  7.55384E-01  7.55384E-01  7.55384E-01  7.55384E-01  7.55384E-01
  7.55384E-01  7.55384E-01  7.55384E-01  7.55384E-01  7.55384E-01  7.55384E-01
  7.55384E-01  7.55384E-01  7.55384E-01  7.55384E-01  7.55384E-01  7.55384E-01
  7.55384E-01  7.55384E-01  7.55384E-01  7.55384E-01  7.55384E-01  7.55384E-01
  7.55384E-01  7.55384E-01  7.55384E-01  7.55384E-01  7.55384E-01
  5.02746E-11  5.19035E-11  5.31779E-11  5.42956E-11  5.52985E-11  5.62445E-11
  5.73929E-11  5.85176E-11  5.96395E-11  6.16166E-11  6.40664E-11  6.63828E-11
  6.85258E-11  7.06284E-11  7.26774E-11  7.46653E-11  7.69663E-11  7.93087E-11
  8.20226E-11  8.46613E-11  8.70606E-11  8.94147E-11  9.18241E-11  9.43431E-11
  9.68249E-11  9.92110E-11  1.01507E-10  1.03772E-10  1.06412E-10  1.10295E-10
  1.14016E-10  1.17481E-10  1.20387E-10  1.22815E-10  1.25000E-10  1.26582E-10
  1.28205E-10  1.30176E-10  1.32108E-10  1.33976E-10  1.35807E-10  1.37578E-10
  1.39254E-10  1.40520E-10  1.41767E-10  1.42969E-10  1.44151E-10  1.45086E-10
  1.45837E-10  1.46573E-10  1.47290E-10  1.47995E-10  1.48534E-10  1.48871E-10
  1.49202E-10  1.49316E-10  1.49316E-10  1.49316E-10  1.49316E-10  1.49316E-10
  1.49316E-10  1.49316E-10  1.49316E-10  1.49316E-10  1.49316E-10  1.49316E-10
  1.49316E-10  1.49316E-10  1.49316E-10  1.49316E-10  1.49316E-10  1.49316E-10
  1.49316E-10  1.49316E-10  1.49316E-10  1.49316E-10  1.49316E-10  1.49316E-10
  1.49316E-10  1.49316E-10  1.49316E-10  1.49327E-10  1.49576E-10  1.49822E-10
  1.50065E-10  1.50362E-10  1.50843E-10  1.51319E-10  1.51789E-10  1.52256E-10
  1.52721E-10  1.53181E-10  1.53635E-10  1.54241E-10  1.55363E-10  1.56478E-10
  1.57585E-10  1.58688E-10  1.59778E-10  1.60865E-10  1.61945E-10
  9.01541E-17  1.23895E-16  1.56920E-16  1.90557E-16  2.13286E-16  2.60961E-16
  2.92312E-16  3.91477E-16  5.50704E-16  7.92382E-16  1.10461E-15  1.69514E-15
  3.20221E-15  5.79081E-15  9.44949E-15  1.58074E-14  2.68753E-14  4.51857E-14
  7.39548E-14  1.17269E-13  1.81626E-13  2.74710E-13  4.05029E-13  5.95824E-13
  8.63329E-13  1.23362E-12  1.71350E-12  2.33045E-12  3.10958E-12  4.12344E-12
  5.40624E-12  6.96539E-12  8.50055E-12  1.02300E-11  1.22365E-11  1.45491E-11
  1.74604E-11  2.05725E-11  2.38898E-11  2.76104E-11  3.11614E-11  3.42221E-11
  3.66851E-11  3.91634E-11  4.13171E-11  4.24469E-11  4.34901E-11  4.45399E-11
  4.54943E-11  4.65004E-11  4.76620E-11  4.88914E-11  4.99389E-11  5.08558E-11
  5.17634E-11  5.27216E-11  5.36789E-11  5.44719E-11  5.52570E-11  5.60136E-11
  5.64979E-11  5.67843E-11  5.69701E-11  5.70762E-11  5.69859E-11  5.67865E-11
  5.65668E-11  5.62985E-11  5.60184E-11  5.57447E-11  5.54572E-11  5.51692E-11
  5.49058E-11  5.48165E-11  5.48323E-11  5.48621E-11  5.52949E-11  5.61754E-11
  5.71178E-11  5.81182E-11  5.96593E-11  6.12996E-11  6.33191E-11  6.56590E-11
  6.81428E-11  7.09982E-11  7.38311E-11  7.60546E-11  7.90815E-11  8.16910E-11
  8.44087E-11  8.76440E-11  9.15172E-11  9.70566E-11  1.00735E-10  1.01445E-10
  1.01013E-10  1.00592E-10  1.00177E-10  9.97688E-11  9.93671E-11
  1.21958E-12  1.57198E-12  1.89840E-12  2.22125E-12  2.42663E-12  2.89754E-12
  3.20441E-12  3.68425E-12  3.96801E-12  4.39537E-12  4.90475E-12  5.50332E-12
  6.29950E-12  7.15550E-12  7.89317E-12  9.00232E-12  1.01905E-11  1.13812E-11
  1.26259E-11  1.37428E-11  1.48983E-11  1.60992E-11  1.73398E-11  1.87346E-11
  1.99605E-11  2.11664E-11  2.22896E-11  2.33922E-11  2.39871E-11  2.42873E-11
  2.45692E-11  2.46880E-11  2.43481E-11  2.40188E-11  2.36821E-11  2.31740E-11
  2.26057E-11  2.20583E-11  2.15255E-11  2.09317E-11  2.02147E-11  1.95698E-11
  1.92271E-11  1.92205E-11  1.93296E-11  1.96048E-11  1.98668E-11  2.01046E-11
  2.02551E-11  2.03769E-11  2.06465E-11  2.09149E-11  2.11942E-11  2.15558E-11
  2.19539E-11  2.23131E-11  2.26931E-11  2.30767E-11  2.34629E-11  2.38600E-11
  2.42497E-11  2.45896E-11  2.49939E-11  2.54028E-11  2.58077E-11  2.62677E-11
  2.67483E-11  2.71751E-11  2.77293E-11  2.83708E-11  2.89809E-11  2.95496E-11
  3.01167E-11  3.06940E-11  3.12908E-11  3.17120E-11  3.23389E-11  3.33144E-11
  3.47331E-11  3.69226E-11  3.97534E-11  4.33273E-11  4.74359E-11  5.19509E-11
  5.63416E-11  6.08126E-11  6.52111E-11  6.87646E-11  7.15017E-11  7.36668E-11
  7.57703E-11  7.71061E-11  7.49919E-11  7.08129E-11  6.41597E-11  5.90027E-11
  5.75906E-11  5.73744E-11  5.71627E-11  5.69545E-11  5.67509E-11
  1.31574E-17  1.28927E-17  1.26991E-17  1.26526E-17  1.17401E-17  1.28127E-17
  1.26337E-17  1.33798E-17  1.25654E-17  2.38117E-17  4.21916E-17  6.98592E-17
  1.17930E-16  1.92066E-16  2.79627E-16  4.23228E-16  6.25541E-16  8.89805E-16
  1.24281E-15  1.69133E-15  2.26845E-15  2.99904E-15  3.91698E-15  5.21412E-15
  6.86100E-15  8.93200E-15  1.12531E-14  1.40585E-14  1.74256E-14  2.15855E-14
  2.65485E-14  3.24349E-14  3.91681E-14  4.70275E-14  5.61560E-14  6.67113E-14
  8.08128E-14  9.73752E-14  1.16742E-13  1.39288E-13  1.61513E-13  1.86576E-13
  2.28991E-13  2.89646E-13  2.12590E-13  1.72828E-13  1.41186E-13  1.73927E-13
  2.18929E-13  2.90098E-13  4.24703E-13  6.16778E-13  8.32777E-13  1.08190E-12
  1.39819E-12  1.61115E-12  1.81862E-12  2.04770E-12  2.13993E-12  2.18067E-12
  2.21843E-12  2.19598E-12  2.11249E-12  2.03398E-12  1.96503E-12  1.88564E-12
  1.81298E-12  1.74644E-12  1.67601E-12  1.58200E-12  1.49263E-12  1.41092E-12
  1.34232E-12  1.27535E-12  1.21460E-12  1.15572E-12  1.10433E-12  1.04501E-12
  9.97797E-13  9.57745E-13  9.23373E-13  9.04752E-13  8.97663E-13  8.94520E-13
  8.93666E-13  9.06182E-13  9.83916E-13  1.06228E-12  1.14428E-12  1.24463E-12
  1.39297E-12  1.55520E-12  1.73404E-12  1.86364E-12  1.96914E-12  2.01283E-12
  2.01691E-12  2.00510E-12  1.99188E-12  1.97889E-12  1.96619E-12
  1.10627E-15  1.10627E-15  1.10627E-15  1.10627E-15  1.10627E-15  1.10627E-15
  1.10627E-15  1.10627E-15  1.10627E-15  1.10627E-15  1.10627E-15  1.10627E-15
  1.10627E-15  1.10627E-15  1.70609E-15  3.01826E-15  5.47565E-15  8.80480E-15
  1.43774E-14  2.32135E-14  3.53139E-14  5.53171E-14  8.13497E-14  1.20914E-13
  1.80202E-13  2.46552E-13  3.65634E-13  4.86001E-13  6.76211E-13  9.68371E-13
  1.22332E-12  1.65906E-12  2.30005E-12  2.85823E-12  3.70520E-12  4.97960E-12
  6.24729E-12  6.78677E-12  8.87228E-12  1.23808E-11  1.68955E-11  2.21847E-11
  2.91465E-11  3.76549E-11  4.75943E-11  5.68430E-11  6.83016E-11  8.20047E-11
  9.77904E-11  1.15688E-10  1.36896E-10  1.58948E-10  1.81777E-10  2.05327E-10
  2.29540E-10  2.62461E-10  2.96134E-10  3.25578E-10  3.51023E-10  3.72675E-10
  3.90738E-10  4.04655E-10  4.15653E-10  4.24521E-10  4.30879E-10  4.35260E-10
  4.38610E-10  4.40800E-10  4.41524E-10  4.42071E-10  4.42449E-10  4.41655E-10
  4.41313E-10  4.41762E-10  4.43050E-10  4.45129E-10  4.47729E-10  4.50827E-10
  4.55119E-10  4.59530E-10  4.63714E-10  4.67529E-10  4.68790E-10  4.71726E-10
  4.76265E-10  4.83058E-10  4.92632E-10  5.01914E-10  5.10916E-10  5.23422E-10
  5.40042E-10  5.49631E-10  5.52473E-10  5.48841E-10  5.38996E-10  5.23192E-10
  5.01668E-10  4.74655E-10  4.72084E-10  4.71000E-10  4.70000E-10
  1.69047E-26  1.67219E-26  1.65878E-26  1.65554E-26  1.59077E-26  1.67259E-26
  2.46952E-26  6.37838E-26  1.81257E-25  6.92899E-25  3.88477E-24  2.19780E-23
  1.79078E-22  1.80699E-21  1.57682E-20  1.57652E-19  1.41893E-18  1.10484E-17
  7.76096E-17  4.85911E-16  2.64634E-15  1.24792E-14  5.11381E-14  1.81792E-13
  5.50866E-13  1.46789E-12  3.20283E-12  6.18624E-12  1.10839E-11  1.79322E-11
  2.78593E-11  4.09339E-11  5.67882E-11  7.60292E-11  9.75272E-11  1.23141E-10
  1.50291E-10  1.81698E-10  2.11341E-10  2.43931E-10  2.72519E-10  3.02038E-10
  3.28610E-10  3.53674E-10  3.77136E-10  3.96527E-10  4.16431E-10  4.30823E-10
  4.44982E-10  4.57872E-10  4.68665E-10  4.79472E-10  4.88860E-10  4.97513E-10
  5.06136E-10  5.13239E-10  5.19786E-10  5.26294E-10  5.30872E-10  5.30872E-10
  5.30872E-10  5.30872E-10  5.30872E-10  5.30872E-10  5.30872E-10  5.30872E-10
  5.30872E-10  5.30872E-10  5.30872E-10  5.30872E-10  5.30872E-10  5.30872E-10
  5.30872E-10  5.30872E-10  5.30872E-10  5.30872E-10  5.30872E-10  5.30872E-10
  5.30872E-10  5.30872E-10  5.30872E-10  5.30872E-10  5.30872E-10  5.30872E-10
  5.30872E-10  5.30872E-10  5.30872E-10  5.30872E-10  5.30872E-10  5.30872E-10
  5.30872E-10  5.30872E-10  5.30872E-10  5.30872E-10  5.30872E-10  5.30872E-10
  5.30872E-10  5.30872E-10  5.30872E-10  5.30872E-10  5.30872E-10
  2.12678E-10  2.12678E-10  2.12678E-10  2.12678E-10  2.12678E-10  2.12678E-10
  2.12678E-10  2.12678E-10  2.12678E-10  2.12678E-10  2.12678E-10  2.12678E-10
  2.12678E-10  2.12678E-10  2.12678E-10  2.12678E-10  2.12678E-10  2.12678E-10
  2.12678E-10  2.12678E-10  2.12678E-10  2.12678E-10  2.12678E-10  2.12678E-10
  2.12678E-10  2.12678E-10  2.12678E-10  2.12678E-10  2.12678E-10  2.12678E-10
  2.12678E-10  2.12678E-10  2.12678E-10  2.12678E-10  2.12678E-10  2.12678E-10
  2.12678E-10  2.12678E-10  2.12678E-10  2.12678E-10  2.12678E-10  2.12678E-10
  2.12678E-10  2.12678E-10  2.12678E-10  2.12678E-10  2.12678E-10  2.12678E-10
  2.12678E-10  2.12678E-10  2.12678E-10  2.12678E-10  2.12678E-10  2.12678E-10
  2.12678E-10  2.12678E-10  2.12678E-10  2.12678E-10  2.12678E-10  2.12678E-10
  2.12678E-10  2.12678E-10  2.12678E-10  2.12678E-10  2.12678E-10  2.12678E-10
  2.12678E-10  2.12678E-10  2.12678E-10  2.12678E-10  2.12678E-10  2.12678E-10
  2.12678E-10  2.12678E-10  2.12678E-10  2.12678E-10  2.12678E-10  2.12678E-10
  2.12678E-10  2.12678E-10  2.12678E-10  2.12678E-10  2.12678E-10  2.12678E-10
  2.12678E-10  2.12678E-10  2.12678E-10  2.12678E-10  2.12678E-10  2.12678E-10
  2.12678E-10  2.12678E-10  2.12678E-10  2.12678E-10  2.12678E-10  2.12678E-10
  2.12678E-10  2.12678E-10  2.12678E-10  2.12678E-10  2.12678E-10
  5.54187E-27  5.96646E-27  1.20884E-26  3.66628E-26  9.80500E-26  3.86916E-25
  2.37434E-24  1.64763E-23  1.03364E-22  8.05896E-22  5.91980E-21  3.92719E-20
  2.75550E-19  1.71217E-18  7.50309E-18  3.21512E-17  1.33680E-16  5.45255E-16
  2.28375E-15  9.26262E-15  3.46861E-14  1.16129E-13  3.46901E-13  9.77060E-13
  2.51863E-12  5.92146E-12  1.15483E-11  2.05267E-11  3.42777E-11  4.89848E-11
  6.80355E-11  9.09081E-11  1.19771E-10  1.56453E-10  2.00561E-10  2.54564E-10
  3.11911E-10  3.78353E-10  4.41279E-10  5.10643E-10  5.75001E-10  6.43216E-10
  7.06015E-10  7.66381E-10  8.23593E-10  8.71902E-10  9.21835E-10  9.59235E-10
  9.96331E-10  1.02994E-09  1.05745E-09  1.08509E-09  1.10754E-09  1.12728E-09
  1.14696E-09  1.16250E-09  1.17665E-09  1.19067E-09  1.20124E-09  1.21052E-09
  1.21967E-09  1.22689E-09  1.23203E-09  1.23203E-09  1.23203E-09  1.23203E-09
  1.23203E-09  1.23203E-09  1.23203E-09  1.23203E-09  1.23203E-09  1.23203E-09
  1.23203E-09  1.23203E-09  1.23203E-09  1.23203E-09  1.23203E-09  1.23203E-09
  1.23203E-09  1.23203E-09  1.23203E-09  1.23203E-09  1.23203E-09  1.23203E-09
  1.23203E-09  1.23203E-09  1.23203E-09  1.23203E-09  1.23203E-09  1.23203E-09
  1.23203E-09  1.23203E-09  1.23203E-09  1.23203E-09  1.23203E-09  1.23203E-09
  1.23203E-09  1.23203E-09  1.23203E-09  1.23203E-09  1.23203E-09
  1.93679E-15  5.33108E-15  1.30654E-14  2.64607E-14  4.96310E-14  1.10983E-13
  2.25194E-13  3.85641E-13  5.24166E-13  7.28268E-13  1.13654E-12  1.94753E-12
  3.54186E-12  6.07367E-12  8.94454E-12  1.34926E-11  1.94000E-11  2.69023E-11
  3.80447E-11  5.18247E-11  7.09977E-11  9.76711E-11  1.34221E-10  1.84814E-10
  2.48762E-10  3.26105E-10  4.01249E-10  4.78434E-10  5.59310E-10  6.35325E-10
  7.14208E-10  7.91569E-10  8.68791E-10  9.48318E-10  1.02730E-09  1.10888E-09
  1.19858E-09  1.29281E-09  1.37714E-09  1.46281E-09  1.53178E-09  1.59869E-09
  1.65909E-09  1.71587E-09  1.76857E-09  1.81408E-09  1.85968E-09  1.89157E-09
  1.92237E-09  1.95015E-09  1.97343E-09  1.99647E-09  2.01568E-09  2.03281E-09
  2.04978E-09  2.06294E-09  2.07482E-09  2.08654E-09  2.08654E-09  2.08654E-09
  2.08654E-09  2.08654E-09  2.08654E-09  2.08654E-09  2.08654E-09  2.08654E-09
  2.08654E-09  2.08654E-09  2.08654E-09  2.08654E-09  2.08654E-09  2.08654E-09
  2.08654E-09  2.08654E-09  2.08654E-09  2.08654E-09  2.08654E-09  2.08654E-09
  2.08654E-09  2.08654E-09  2.08654E-09  2.08654E-09  2.08654E-09  2.08654E-09
  2.08654E-09  2.08654E-09  2.08654E-09  2.08654E-09  2.08654E-09  2.08654E-09
  2.08654E-09  2.08654E-09  2.08654E-09  2.08654E-09  2.08654E-09  2.08654E-09
  2.08654E-09  2.08654E-09  2.08654E-09  2.08654E-09  2.08654E-09
  7.98362E-12  9.72645E-12  1.11021E-11  1.27619E-11  1.45249E-11  1.62228E-11
  1.84757E-11  2.13956E-11  2.53521E-11  2.95737E-11  3.40479E-11  3.89855E-11
  4.42000E-11  4.96816E-11  5.62603E-11  6.32316E-11  6.83548E-11  7.57378E-11
  8.34750E-11  9.15601E-11  9.99896E-11  1.09040E-10  1.15914E-10  1.22905E-10
  1.30010E-10  1.38697E-10  1.47606E-10  1.56729E-10  1.66065E-10  1.75608E-10
  1.83301E-10  1.91066E-10  1.98903E-10  2.06803E-10  2.14770E-10  2.22546E-10
  2.30371E-10  2.38243E-10  2.46156E-10  2.53146E-10  2.60147E-10  2.68418E-10
  2.76742E-10  2.85107E-10  2.93513E-10  3.01969E-10  3.10463E-10  3.19782E-10
  3.29165E-10  3.37284E-10  3.45428E-10  3.53582E-10  3.61759E-10  3.70791E-10
  3.79862E-10  3.88963E-10  3.98104E-10  4.07274E-10  4.16469E-10  4.25693E-10
  4.44086E-10  4.43954E-10  4.43829E-10  4.43705E-10  4.43580E-10  4.43457E-10
  4.43339E-10  4.42277E-10  4.41234E-10  4.40208E-10  4.39205E-10  4.38216E-10
  4.37251E-10  4.45976E-10  4.45415E-10  4.44862E-10  4.44317E-10  4.43785E-10
  4.43262E-10  4.42740E-10  4.43368E-10  4.43991E-10  4.44604E-10  4.45204E-10
  4.45800E-10  4.46388E-10  4.46967E-10  4.46505E-10  4.46047E-10  4.45600E-10
  4.45154E-10  4.44721E-10  4.44293E-10  4.43869E-10  4.44950E-10  4.46014E-10
  4.47071E-10  4.48114E-10  4.49139E-10  4.50164E-10  4.42927E-10
  5.00000E-03  1.61000E-02  3.84000E-02  7.69000E-02  1.37000E-01  2.24400E-01
  3.45400E-01  5.06400E-01  7.14000E-01  9.75300E-01  1.29720E+00  1.68720E+00
  2.15260E+00  2.70090E+00  3.33980E+00  4.07700E+00  4.92040E+00  5.87760E+00
  6.95670E+00  8.16550E+00  9.51190E+00  1.10038E+01  1.26492E+01  1.44559E+01
  1.64318E+01  1.85847E+01  2.09224E+01  2.34526E+01  2.61829E+01  2.91210E+01
  3.22744E+01  3.56504E+01  3.92566E+01  4.31001E+01  4.71882E+01  5.15278E+01
  5.61259E+01  6.09895E+01  6.61252E+01  7.15398E+01  7.72395E+01  8.32310E+01
  8.95203E+01  9.61138E+01  1.03017E+02  1.10237E+02  1.17777E+02  1.25646E+02
  1.33846E+02  1.42385E+02  1.51266E+02  1.60496E+02  1.70078E+02  1.80018E+02
  1.90320E+02  2.00989E+02  2.12028E+02  2.23441E+02  2.35234E+02  2.47408E+02
  2.59969E+02  2.72919E+02  2.86262E+02  3.00000E+02  3.14137E+02  3.28675E+02
  3.43618E+02  3.58966E+02  3.74724E+02  3.90892E+02  4.07474E+02  4.24470E+02
  4.41882E+02  4.59712E+02  4.77961E+02  4.96630E+02  5.15720E+02  5.35232E+02
  5.55167E+02  5.75525E+02  5.96306E+02  6.17511E+02  6.39140E+02  6.61192E+02
  6.83667E+02  7.06565E+02  7.29886E+02  7.53627E+02  7.77789E+02  8.02371E+02
  8.27371E+02  8.52788E+02  8.78620E+02  9.04866E+02  9.31523E+02  9.58591E+02
  9.86066E+02  1.01395E+03  1.04223E+03  1.07092E+03  1.10000E+03

